4294967278,84
4294967279,84
4294967278,83
4294967278,82
4294967278,81
4294967278,80
4294967278,79
4294967278,78
4294967279,83
4294967279,82
7,1
4294967294,50
4294967294,476
4294967294,30
4294967294,113
4294967294,981
4294967294,36
4294967294,39
4294967294,93
4294967294,95
4294967294,470
0,5
4294967294,5
4294967294,10
4294967294,986
4294967294,985
4294967294,982
4294967294,976
4294967294,975
4294967294,965
4294967294,964
4294967294,963
4294967294,962
4294967294,961
4294967294,960
4294967294,919
4294967294,918
4294967294,917
4294967294,916
4294967294,915
4294967294,913
4294967294,912
4294967294,911
4294967294,910
4294967294,909
4294967294,907
4294967294,905
4294967294,903
4294967294,902
4294967294,901
4294967294,81
4294967294,967
4294967294,116
4294967294,161
4294967294,479
4294967294,984
4294967294,983
4294967294,68
4294967294,22
4294967294,17
4294967294,42
4294967294,76
4294967294,41
4294967294,1435
4294967294,506
4294967294,1414
4294967294,14
4294967294,20
4294967294,13
4294967294,472
4294967294,974
4294967294,12
4294967294,67
4294967294,11
4294967294,475
4294967294,1428
4294967294,979
4294967293,131
4294967293,130
4294967293,129
4294967293,128
4294967293,127
4294967293,126
4294967293,125
4294967293,124
4294967293,123
4294967293,122
4294967293,121
4294967293,120
4294967293,119
4294967293,118
4294967293,117
4294967293,116
4294967293,115
4294967293,114
4294967293,113
4294967293,112
4294967293,111
4294967293,110
4294967293,109
4294967293,108
4294967293,107
4294967293,106
4294967293,105
4294967293,104
4294967293,103
4294967293,102
4294967293,101
4294967293,100
4294967293,99
4294967293,98
4294967293,97
4294967293,96
4294967293,95
4294967293,94
4294967293,93
4294967293,92
4294967293,91
4294967293,90
4294967293,89
4294967293,87
4294967293,86
4294967293,85
4294967293,84
4294967293,83
4294967293,82
4294967293,81
4294967293,80
4294967293,79
4294967293,78
4294967293,77
4294967293,76
4294967293,75
4294967293,74
4294967293,73
4294967293,72
4294967293,71
4294967293,70
4294967293,69
4294967293,68
4294967293,67
4294967293,66
4294967293,65
4294967293,64
4294967293,63
4294967293,62
4294967293,61
4294967293,60
4294967293,59
4294967293,58
4294967293,57
4294967293,56
4294967293,55
4294967293,54
4294967293,53
4294967293,52
4294967293,51
4294967293,50
4294967293,49
4294967293,48
4294967293,47
4294967293,46
4294967293,45
4294967293,44
4294967293,43
4294967293,42
4294967293,41
4294967293,40
4294967293,39
4294967293,38
4294967293,37
4294967293,36
4294967293,35
4294967293,34
4294967293,33
4294967293,32
4294967293,31
4294967293,30
4294967293,29
4294967293,28
4294967293,27
4294967293,26
4294967293,25
4294967293,24
4294967293,23
4294967293,22
4294967293,21
4294967293,20
4294967293,19
4294967293,18
4294967293,17
4294967293,16
4294967293,15
4294967293,14
4294967293,13
4294967293,12
4294967293,11
4294967293,10
4294967293,9
4294967293,8
4294967293,7
4294967293,6
4294967293,5
4294967293,4
4294967293,3
4294967278,347
4294967278,77
4294967278,72
4294967278,313
4294967278,71
4294967278,69
4294967278,68
4294967278,311
4294967278,66
4294967278,65
4294967278,64
4294967278,62
4294967278,542
4294967278,61
4294967278,537
4294967278,54
4294967278,53
4294967278,52
4294967278,48
4294967278,46
4294967278,45
4294967278,44
4294967278,39
4294967278,34
4294967278,9
4294967278,543
4294967278,174
4294967278,0
4294967278,260
4294967278,4
4294967279,124
4294967279,113
4294967279,112
4294967279,111
4294967279,110
4294967279,108
4294967279,107
4294967279,105
4294967279,104
4294967279,103
4294967279,102
4294967279,101
4294967279,100
4294967279,98
4294967279,97
4294967279,91
4294967279,81
4294967279,77
4294967279,346
4294967279,73
4294967279,349
4294967279,72
4294967279,70
4294967279,69
4294967279,68
4294967279,67
4294967279,66
4294967279,65
4294967279,63
4294967279,62
4294967279,310
4294967279,61
4294967279,60
4294967279,59
4294967279,58
4294967279,57
4294967279,337
4294967279,56
4294967279,336
4294967279,55
4294967279,335
4294967279,54
4294967279,404
4294967279,334
4294967279,53
4294967279,309
4294967279,52
4294967279,51
4294967279,50
4294967279,49
4294967279,48
4294967279,47
4294967279,46
4294967279,45
4294967279,44
4294967279,43
4294967279,42
4294967279,41
4294967279,40
4294967279,39
4294967279,38
4294967279,37
4294967279,36
4294967279,35
4294967279,30
4294967279,29
4294967279,174
4294967279,88
4294967279,0
4294967279,260
4294967294,1426
4294967294,950
4294967294,2051
4294967279,354
4294967279,344
4294967278,536
4294967294,1424
4294967294,742
4294967294,741
4294967294,740
4294967294,739
4294967294,738
4294967294,737
4294967294,154
4294967294,735
4294967294,734
4294967294,732
4294967294,731
4294967294,730
4294967294,728
4294967294,727
4294967294,726
4294967294,725
4294967294,723
4294967294,722
4294967294,716
4294967294,711
4294967294,709
4294967294,708
4294967294,707
4294967294,134
4294967294,706
4294967294,2054
4294967294,703
4294967294,702
4294967294,701
4294967294,700
4294967294,699
4294967294,698
4294967294,150
4294967294,697
4294967294,696
4294967294,692
4294967294,132
4294967294,133
4294967294,688
4294967294,686
4294967294,685
4294967294,684
4294967294,677
4294967294,674
4294967294,673
4294967294,669
4294967294,668
4294967294,666
4294967294,662
4294967294,660
4294967294,141
4294967294,147
4294967294,657
4294967294,656
4294967294,1098
4294967294,654
4294967294,653
4294967294,651
4294967294,650
4294967294,649
4294967294,648
4294967294,923
4294967294,575
4294967294,647
4294967294,144
4294967294,645
4294967294,639
4294967294,638
4294967294,636
4294967294,635
4294967294,633
4294967294,632
4294967294,631
4294967294,630
4294967294,629
4294967294,628
4294967294,627
4294967294,626
4294967294,625
4294967294,624
4294967294,136
4294967294,143
4294967294,72
4294967294,148
4294967294,618
4294967294,617
4294967294,616
4294967294,615
4294967294,614
4294967294,613
4294967294,573
4294967294,611
4294967294,610
4294967294,608
4294967294,607
4294967294,606
4294967294,604
4294967294,602
4294967294,600
4294967294,71
4294967294,599
4294967294,598
4294967294,596
4294967294,70
4294967294,594
4294967294,591
4294967294,590
4294967294,588
4294967294,585
4294967294,583
4294967294,582
4294967294,581
4294967294,580
4294967294,140
4294967294,318
4294967294,313
4294967294,308
4294967294,304
4294967294,298
4294967294,297
4294967294,296
4294967294,295
4294967294,294
4294967294,178
4294967294,277
4294967294,482
4294967294,273
4294967294,271
4294967294,268
4294967294,267
4294967294,262
4294967294,258
4294967294,257
4294967294,255
4294967294,253
4294967294,245
4294967294,242
4294967294,240
4294967294,239
4294967294,237
4294967294,219
4294967294,922
4294967294,215
4294967294,212
4294967294,208
4294967294,205
4294967294,203
4294967294,200
4294967294,198
4294967294,196
4294967294,194
4294967294,193
4294967294,569
4294967294,565
4294967294,563
4294967294,557
4294967294,543
4294967294,2052
4294967294,514
4294967294,515
4294967294,1139
4294967294,99
1,0
4294967294,104
4294967294,106
4294967294,107
4294967294,439
4294967294,1112
4294967294,1113
4294967294,1572
4294967294,1114
4294967294,428
4294967294,1443
4294967294,521
4294967294,492
4294967294,499
4294967294,115
4294967294,424
4294967294,522
4294967294,2057
4294967294,1570
4294967294,1571
4294967294,1100
4294967294,1569
4294967294,1136
4294967294,1568
4294967294,1126
4294967294,1135
4294967294,2049
4294967294,1567
4294967294,1115
4294967294,1566
4294967294,1437
4294967294,1137
4294967294,1564
4294967294,159
4294967294,1565
4294967294,1102
4294967294,2048
4294967294,951
4294967294,1563
4294967294,1625
4294967294,1562
4294967294,1108
4294967294,1129
4294967294,1422
4294967294,1561
4294967294,46
4294967294,987
4294967278,535
4294967279,403
4294967278,345
4294967278,303
4294967279,331
4294967279,402
4294967279,304
4294967278,290
4294967278,293
4294967278,526
4294967278,521
4294967279,401
4294967278,344
4294967278,342
4294967279,400
4294967278,343
4294967278,341
4294967294,1611
4294967294,1438
4294967294,803
4294967294,952
4294967294,167
4294967294,1560
4294967294,1128
4294967294,1559
4294967294,1558
4294967294,1557
4294967294,1556
4294967294,2111
4294967294,1555
4294967294,1554
4294967294,1553
4294967294,1552
4294967294,1456
4294967294,920
4294967294,1454
4294967294,1551
4294967294,1415
4294967294,1550
4294967294,1609
4294967294,1549
4294967294,1548
4294967294,1601
4294967294,1091
4294967294,1606
4294967294,1121
4294967294,1110
4294967294,806
4294967294,1546
4294967294,1608
4294967294,187
4294967294,1127
4294967294,512
4294967294,785
4294967294,956
4294967294,1615
4294967294,1469
4294967294,1617
4294967294,989
4294967294,1613
4294967294,1610
4294967294,520
4294967294,1614
4294967294,2
4294967294,1470
4294967294,455
4294967294,1540
4294967294,24
4294967294,1539
4294967294,1538
4294967294,1447
4294967294,1536
4294967294,454
4294967294,425
4294967294,534
4294967294,395
4294967294,535
4294967294,423
4294967294,1471
4294967294,1453
4294967294,1468
4294967294,442
4294967294,1466
4294967294,1467
4294967294,1
4294967294,1105
4294967294,1088
4294967294,7
4294967294,6
4294967294,513
4294967294,1604
4294967294,1460
4294967294,29
4294967294,478
4294967294,1455
4294967294,92
4294967294,91
4294967294,899
4294967294,90
4294967294,88
4294967294,87
4294967294,86
4294967294,85
4294967294,83
4294967294,51
4294967294,53
4294967294,52
4294967294,28
4294967294,27
4294967294,25
4294967294,26
4294967294,44
4294967294,1452
4294967294,45
4294967294,3
4294967294,990
4294967294,82
4294967294,43
4294967294,1133
4294967294,1132
4294967294,8
4294967294,430
4294967294,991
4294967294,125
4294967294,1475
4294967294,1474
4294967294,1473
4294967294,1472
4294967294,383
4294967294,381
4294967294,382
4294967294,380
4294967294,379
4294967294,378
4294967294,377
4294967294,376
4294967294,375
4294967294,374
4294967294,373
4294967294,372
4294967294,371
4294967278,527
4294967279,328
